V Kohli,1
KL Rahul,1
AB de Villiers,1
SR Watson,1
TM Head,1
SN Khan,1
STR Binny,1
HV Patel,1
KW Richardson,1
